CET,Max TemperatureF,Mean TemperatureF,Min TemperatureF,Max Dew PointF,MeanDew PointF,Min DewpointF,Max Humidity, Mean Humidity, Min Humidity, Max Sea Level PressureIn, Mean Sea Level PressureIn, Min Sea Level PressureIn, Max VisibilityMiles, Mean VisibilityMiles, Min VisibilityMiles, Max Wind SpeedMPH, Mean Wind SpeedMPH, Max Gust SpeedMPH,PrecipitationIn, CloudCover, Events, WindDirDegrees
2013-1-1,48,42,35,45,40,34,93,85,66,30.06,29.83,29.65,19,7,5,14,10,,0.08,5,Rain,257
2013-1-2,47,40,33,43,37,32,93,87,67,30.45,30.30,30.09,16,8,4,12,7,,0.02,5,Rain,254
2013-1-3,50,47,44,50,47,43,100,96,92,30.71,30.58,30.45,6,3,1,10,7,21,0.02,7,Rain,247
2013-1-4,49,48,47,47,45,45,93,88,82,30.73,30.68,30.63,9,6,4,9,6,,0.00,8,Rain,284
2013-1-5,48,47,44,45,44,43,93,88,82,30.65,30.61,30.57,19,6,3,8,5,,0.00,8,,315
2013-1-6,45,44,44,43,42,41,93,89,80,30.60,30.53,30.45,16,6,5,8,4,,0.00,8,,258
2013-1-7,46,43,40,41,39,37,93,83,69,30.47,30.39,30.33,16,6,5,7,4,,0.00,7,,175
2013-1-8,41,39,37,39,37,36,93,91,83,30.40,30.36,30.33,6,6,5,7,4,,0.00,8,Rain,226
2013-1-9,41,38,36,39,37,35,100,93,83,30.35,30.21,30.09,7,5,1,8,6,,0.02,7,Rain,213
2013-1-10,47,44,40,46,42,39,100,95,87,30.11,29.98,29.89,6,3,0,10,5,,0.01,7,Fog-Rain,238
2013-1-11,46,40,35,43,37,32,100,83,64,30.12,30.03,29.92,16,6,2,12,7,,0.04,6,Fog-Rain,297
2013-1-12,41,37,33,38,36,32,100,92,80,30.06,29.91,29.83,11,5,1,8,3,,0.01,6,Fog-Rain,153
2013-1-13,39,36,32,38,35,28,93,90,81,30.01,29.93,29.86,9,5,2,13,5,,0.01,7,Rain-Snow,29
2013-1-14,34,30,25,32,24,21,100,76,49,30.04,29.95,29.71,11,6,1,13,8,,0.24,5,Snow,270
2013-1-15,37,34,32,34,31,27,100,87,68,29.85,29.71,29.62,16,6,1,20,9,,0.20,6,Fog-Rain-Snow,290
2013-1-16,31,26,21,31,22,18,100,78,55,29.95,29.85,29.80,11,5,1,12,5,,0.02,5,Fog-Snow,31
2013-1-17,32,24,17,25,20,16,93,83,60,30.11,30.04,29.95,6,4,2,7,3,,0.00,2,Fog,50
2013-1-18,29,24,19,27,22,19,93,85,74,29.98,29.68,29.39,6,3,1,12,6,,0.00,7,Snow,125
2013-1-19,30,28,27,28,27,26,93,89,82,29.39,29.29,29.24,4,2,1,15,8,,0.03,7,Snow,59
2013-1-20,32,29,26,30,26,23,100,91,85,29.39,29.28,29.21,3,2,1,14,10,,0.12,6,Snow,311
2013-1-21,33,31,29,32,31,30,100,93,87,29.56,29.38,29.33,4,2,1,8,6,,0.04,7,Rain-Snow,99
2013-1-22,35,32,29,36,32,27,100,95,86,29.62,29.58,29.53,6,3,1,12,5,,0.02,7,Rain-Snow,124
2013-1-23,37,36,33,36,35,32,100,94,81,29.78,29.70,29.62,12,4,0,7,2,,0.01,7,Fog-Rain,224
2013-1-24,36,31,26,34,31,23,100,91,77,30.09,29.88,29.71,12,4,2,12,5,,0.01,7,,33
2013-1-25,28,26,24,25,23,19,93,84,77,30.13,30.05,29.83,4,4,2,14,6,,0.00,8,,152
2013-1-26,39,32,26,36,29,23,100,90,77,30.00,29.87,29.74,6,4,1,13,8,,0.00,6,Snow,188
2013-1-27,46,40,33,45,37,34,100,89,79,29.95,29.75,29.65,11,6,4,15,9,,0.16,6,Rain,216
2013-1-28,48,42,36,45,38,32,100,82,65,30.07,29.96,29.80,16,7,6,20,8,31,0.00,5,Rain,222
2013-1-29,53,49,46,50,48,45,100,91,79,30.01,29.97,29.92,16,6,3,22,17,36,0.04,6,Rain,221
2013-1-30,55,50,44,54,47,37,100,83,55,30.21,29.99,29.89,19,6,2,21,15,33,0.08,6,Rain,239
2013-1-31,50,44,39,48,41,36,100,85,64,30.27,30.15,30.09,19,6,2,17,9,31,0.04,6,,221
2013-2-1,50,46,42,48,44,37,100,89,74,30.09,29.68,29.42,14,6,2,16,8,,0.28,6,Rain,239
2013-2-2,43,39,35,37,34,30,100,82,64,30.15,29.83,29.53,19,7,6,24,10,38,0.08,4,Rain-Snow,331
2013-2-3,41,34,28,41,32,27,100,83,61,30.30,30.21,30.09,16,7,2,16,8,,0.00,5,Rain,262
2013-2-4,53,46,38,48,43,37,100,85,62,30.09,30.05,30.01,19,6,2,17,10,,0.04,7,Rain,260
2013-2-5,44,38,33,39,35,28,93,80,65,30.02,29.76,29.56,16,6,2,28,13,41,0.08,5,Rain-Snow,251
2013-2-6,45,39,33,37,33,27,93,78,51,29.86,29.60,29.42,19,7,6,21,15,31,0.01,5,Rain,308
2013-2-7,42,38,33,34,31,27,93,76,57,30.09,30.01,29.89,19,7,6,15,11,,0.01,6,Rain-Snow,320
2013-2-8,41,36,30,34,31,28,100,83,57,30.12,30.03,29.95,17,7,5,13,6,,0.12,5,Rain-Snow,329
2013-2-9,40,35,30,32,30,27,100,90,61,30.15,30.09,30.01,12,5,1,7,4,,0.03,5,Rain-Snow,125
2013-2-10,37,33,30,37,31,28,100,91,76,30.03,29.67,29.30,6,4,1,16,9,,0.16,6,Rain-Snow,149
2013-2-11,46,40,33,41,38,34,100,86,66,29.59,29.42,29.30,19,6,2,10,6,,0.04,6,Rain,280
2013-2-12,37,35,33,34,31,27,93,83,66,30.06,29.84,29.62,12,5,2,12,7,,0.01,6,,18
2013-2-13,36,32,28,27,22,19,80,67,45,30.29,30.20,30.06,9,6,4,9,6,,0.00,6,,102
2013-2-14,41,35,29,41,32,21,100,89,58,30.25,30.04,29.92,6,4,1,12,8,,0.20,6,Fog-Rain,200
2013-2-15,48,40,33,41,37,32,100,86,62,30.22,30.12,29.98,16,7,6,12,5,,0.00,5,,292
2013-2-16,48,38,28,39,33,28,100,83,46,30.26,30.22,30.21,16,7,6,7,3,,0.00,2,Fog,75
2013-2-17,42,37,32,36,33,30,100,88,70,30.23,30.14,30.09,11,4,0,14,5,,0.00,5,Fog,87
2013-2-18,44,38,31,34,30,28,93,77,57,30.12,30.08,30.06,9,6,5,12,7,,0.00,1,,83
2013-2-19,48,37,26,32,29,23,100,73,46,30.13,30.06,30.01,11,6,4,7,3,,0.00,,Fog,53
2013-2-20,45,38,32,34,29,23,93,71,47,30.13,30.08,30.04,12,5,2,16,7,,0.00,4,,54
2013-2-21,36,32,27,23,20,16,80,61,33,30.16,30.07,30.01,14,7,6,20,13,,0.00,5,,53
2013-2-22,34,30,26,23,18,14,80,63,34,30.02,29.94,29.89,16,6,2,21,15,,0.00,5,Snow,43
2013-2-23,29,26,23,25,19,16,86,71,51,30.04,29.96,29.89,6,4,2,18,14,26,0.00,7,Snow,21
2013-2-24,34,31,28,30,27,23,93,84,70,30.09,30.03,30.01,6,4,2,16,12,,0.00,6,Snow,3
2013-2-25,34,32,31,32,31,30,100,94,86,30.20,30.13,30.06,4,2,1,12,9,,0.16,7,Snow,12
2013-2-26,41,36,32,32,31,28,95,83,65,30.40,30.32,30.18,6,4,2,14,8,,0.02,7,Rain-Snow,55
2013-2-27,38,36,35,36,35,32,100,91,81,30.41,30.37,30.33,4,2,2,13,10,,0.01,8,Rain,31
2013-2-28,37,36,34,34,32,30,93,87,74,30.37,30.28,30.24,9,5,3,12,8,,0.00,7,,37
2013-3-1,39,37,35,33,32,30,87,82,71,30.29,30.25,30.24,6,5,2,14,8,,0.00,8,,37
2013-3-2,37,35,33,30,27,27,75,71,61,30.29,30.25,30.21,7,6,4,13,10,,0.00,8,,54
2013-3-3,46,38,31,32,29,25,87,70,47,30.25,30.14,30.04,6,4,3,12,6,,0.00,6,,62
2013-3-4,56,44,31,41,33,28,87,70,46,30.06,29.90,29.80,7,4,3,13,6,,0.00,,,91
2013-3-5,61,50,39,39,35,33,81,58,32,29.81,29.70,29.59,19,12,7,13,4,,0.00,,,130
2013-3-6,59,53,47,48,40,36,88,62,37,29.61,29.54,29.50,12,7,5,7,3,,0.01,7,Rain,106
2013-3-7,55,52,48,50,48,46,100,88,77,29.50,29.44,29.39,11,6,2,8,3,,0.02,6,Rain,153
2013-3-8,54,51,48,52,48,45,100,90,77,29.59,29.44,29.36,12,5,2,14,5,,0.08,6,Rain,223
2013-3-9,62,53,44,48,45,39,100,79,48,29.63,29.60,29.59,19,6,3,12,6,,0.01,5,,267
2013-3-10,46,42,39,43,39,32,100,86,72,29.62,29.57,29.53,12,5,0,14,6,,0.01,8,Fog,40
2013-3-11,36,34,33,36,33,32,100,94,81,29.60,29.49,29.36,4,2,1,17,11,,0.01,7,Rain-Snow,47
2013-3-12,29,28,24,34,28,25,100,95,91,29.65,29.46,29.33,3,2,0,16,12,,0.16,8,Fog-Rain-Snow,19
2013-3-13,37,27,17,30,23,14,100,80,62,29.86,29.76,29.65,9,6,2,12,9,,0.02,5,Snow,345
2013-3-14,41,35,29,30,27,19,93,75,39,30.01,29.94,29.86,16,6,5,15,8,,0.00,5,,341
2013-3-15,44,34,24,30,26,23,93,70,40,30.05,29.99,29.89,19,8,6,17,7,,0.00,6,,220
2013-3-16,48,42,35,39,29,25,93,65,40,29.91,29.70,29.53,19,8,5,18,11,23,0.01,6,Rain,183
2013-3-17,47,42,37,41,38,32,100,86,74,29.55,29.40,29.27,16,7,4,18,9,,0.08,5,Rain-Thunderstorm,197
2013-3-18,44,38,33,41,35,30,93,84,71,29.39,29.31,29.24,16,7,3,15,8,24,0.04,4,Rain,208
2013-3-19,49,42,36,41,37,34,93,84,57,29.54,29.48,29.42,19,7,5,13,8,,0.16,6,Rain,215
2013-3-20,49,42,35,40,37,32,93,79,54,29.98,29.67,29.47,16,7,6,18,8,,0.03,5,Rain,262
2013-3-21,49,40,32,41,37,32,100,83,66,30.04,29.99,29.92,8,4,2,12,4,,0.01,5,Rain,99
2013-3-22,56,48,39,39,36,34,81,64,46,29.92,29.75,29.62,9,7,6,17,8,,0.00,6,,89
2013-3-23,53,48,42,41,38,36,87,68,50,29.72,29.68,29.62,9,6,5,12,6,,0.00,6,Rain,79
2013-3-24,44,42,39,38,35,28,93,80,65,29.75,29.72,29.71,7,4,2,14,10,,0.00,7,,44
2013-3-25,45,41,37,28,26,21,70,55,33,29.81,29.76,29.74,12,7,6,13,10,,0.00,6,,50
2013-3-26,43,39,35,27,24,23,65,54,37,29.80,29.77,29.74,9,6,6,12,10,,0.00,6,,71
2013-3-27,41,37,33,27,24,22,65,57,38,29.79,29.75,29.71,7,6,4,10,7,,0.00,5,,73
2013-3-28,43,38,32,30,26,23,81,64,39,29.86,29.78,29.74,6,5,3,10,3,,0.00,6,,338
2013-3-29,44,36,27,28,24,21,86,63,38,29.87,29.76,29.68,6,5,4,13,6,,0.00,4,,48
2013-3-30,41,36,32,27,24,21,70,61,40,29.83,29.71,29.65,4,3,2,15,11,,0.00,6,,30
2013-3-31,42,34,27,28,25,21,93,65,41,29.91,29.85,29.77,11,5,2,12,9,,0.00,4,,36
2013-4-1,48,39,30,25,24,21,75,56,27,29.79,29.69,29.62,12,6,4,20,12,,0.00,1,,63
2013-4-2,50,40,31,25,23,21,69,51,25,29.83,29.73,29.65,16,12,6,16,12,,0.00,1,,38
2013-4-3,48,40,31,30,25,21,69,54,27,29.88,29.83,29.77,12,6,4,14,9,,0.00,5,,33
2013-4-4,45,39,33,34,30,27,93,66,40,29.78,29.69,29.62,7,5,2,17,12,,0.01,6,Rain-Snow,31
2013-4-5,48,43,38,32,30,28,70,61,46,29.92,29.72,29.62,5,5,4,17,13,,0.00,7,Rain,30
2013-4-6,45,41,37,32,30,28,81,66,48,30.21,30.07,29.92,9,5,4,15,12,24,0.00,6,,23
2013-4-7,53,42,30,32,29,27,87,61,31,30.25,30.09,29.86,19,6,4,10,6,,0.00,3,,70
2013-4-8,51,44,38,37,33,28,76,61,44,29.83,29.66,29.59,12,7,6,9,5,,0.00,5,,167
2013-4-9,54,48,41,46,42,37,100,82,61,29.59,29.48,29.42,16,7,5,18,9,,0.12,6,Rain,206
2013-4-10,56,50,45,50,44,39,100,81,48,29.78,29.70,29.59,11,6,4,17,12,,0.08,6,Rain,222
2013-4-11,56,52,49,52,48,45,94,83,62,29.62,29.57,29.53,19,7,4,16,12,28,0.03,6,Rain,232
2013-4-12,59,52,46,46,44,41,87,78,51,29.86,29.66,29.59,19,7,4,21,13,32,0.20,4,Rain-Thunderstorm,230
2013-4-13,58,50,42,50,45,41,93,81,60,30.12,30.04,29.89,19,7,6,15,9,,0.04,5,Rain,203
2013-4-14,77,66,54,50,48,46,82,57,28,30.16,30.09,30.01,6,6,6,17,8,,0.00,6,,182
2013-4-15,68,59,50,50,48,46,82,67,43,30.18,30.11,30.04,17,8,6,9,5,,0.02,6,Rain,270
2013-4-16,66,58,50,50,47,41,82,65,39,30.18,30.15,30.09,16,9,6,15,6,,0.00,6,,227
2013-4-17,76,65,54,52,48,45,82,57,30,30.22,30.10,29.95,16,16,16,12,5,,0.00,,,191
2013-4-18,63,58,53,52,42,34,77,55,27,30.21,30.10,29.95,16,8,6,20,11,,0.00,5,,256
2013-4-19,54,46,39,45,39,36,93,70,44,30.39,30.31,30.21,16,7,5,17,10,,0.04,4,Rain,308
2013-4-20,56,48,40,41,35,30,87,63,34,30.42,30.35,30.27,19,7,4,17,12,,0.00,4,,17
2013-4-21,61,50,38,38,33,28,81,53,28,30.27,30.15,30.04,19,12,6,10,7,,0.00,1,,335
2013-4-22,60,46,33,39,33,21,87,56,30,30.12,30.09,30.06,19,9,6,9,5,,0.00,5,,292
2013-4-23,64,52,41,50,43,37,87,68,43,30.27,30.18,30.12,19,7,6,12,5,,0.00,4,,256
2013-4-24,73,58,43,50,47,41,94,67,32,30.33,30.28,30.24,19,8,6,8,3,20,0.00,2,Fog,238
2013-4-25,78,63,48,52,48,45,94,58,26,30.28,30.18,30.06,19,8,5,9,3,,0.00,1,Fog,218
2013-4-26,62,53,44,52,47,36,93,73,56,30.06,29.91,29.86,19,6,2,17,6,28,0.01,6,Rain,293
2013-4-27,52,47,42,39,34,27,87,62,34,29.95,29.87,29.83,19,7,6,15,9,,0.00,6,,4
2013-4-28,53,46,39,39,34,30,87,63,37,30.05,30.01,29.95,16,7,6,15,8,,0.01,6,Rain,357
2013-4-29,60,46,33,39,35,30,100,61,31,30.12,30.08,30.01,19,8,6,10,5,22,0.00,4,,293
2013-4-30,55,50,46,45,37,30,87,62,37,30.17,30.12,30.09,16,7,6,20,12,,0.12,7,Rain,39
2013-5-1,57,51,45,54,47,43,100,85,67,30.13,30.07,30.01,11,5,1,17,11,,0.31,6,Fog-Rain,46
2013-5-2,66,56,46,52,48,45,100,81,46,30.09,30.07,30.04,12,3,0,10,3,,0.00,4,Fog,349
2013-5-3,63,54,46,48,45,36,88,69,37,30.12,30.06,30.04,14,5,2,14,9,,0.00,5,,337
2013-5-4,65,52,38,48,42,36,93,67,47,30.21,30.15,30.09,19,7,6,10,7,,0.00,5,,306
2013-5-5,67,59,51,50,45,41,82,61,35,30.24,30.20,30.15,19,7,6,7,4,,0.00,5,,307
2013-5-6,65,56,46,50,46,43,87,69,43,30.19,30.12,30.06,19,9,6,9,6,,0.00,2,Rain,20
2013-5-7,71,58,46,52,48,45,97,70,36,30.08,30.01,29.92,19,6,4,6,2,,0.00,,,262
2013-5-8,69,60,52,59,53,48,94,78,57,29.95,29.87,29.83,19,7,4,15,7,,0.16,5,Rain,208
2013-5-9,61,55,49,52,45,37,82,64,43,30.01,29.96,29.92,19,8,6,14,8,,0.00,6,,254
2013-5-10,57,52,46,46,43,37,82,70,55,30.09,30.04,29.95,19,8,6,14,10,,0.00,6,,236
2013-5-11,64,56,49,48,44,37,94,65,33,30.09,30.03,29.98,19,8,6,20,9,,0.01,5,Rain,244
2013-5-12,61,52,44,45,39,36,87,60,31,30.14,30.09,30.01,16,7,6,13,10,,0.00,4,Rain,270
2013-5-13,62,56,51,52,47,45,94,72,51,30.12,30.05,29.98,19,7,5,18,12,,0.03,6,Rain,238
2013-5-14,60,54,48,48,42,37,82,64,41,29.98,29.81,29.56,19,7,6,15,9,,0.01,6,Rain,226
2013-5-15,60,53,46,48,42,39,87,66,40,29.59,29.55,29.50,19,7,6,15,10,,0.01,6,Rain,214
2013-5-16,58,53,48,48,45,43,94,78,59,29.59,29.52,29.47,19,7,4,7,3,,0.04,6,Rain,138
2013-5-17,62,52,42,48,44,41,100,73,45,29.74,29.61,29.53,19,7,6,14,5,,0.00,5,Fog,60
2013-5-18,59,51,43,52,46,41,93,79,52,29.79,29.72,29.65,16,6,1,13,7,,0.12,5,Rain,59
2013-5-19,60,55,50,52,48,45,94,82,52,29.89,29.77,29.68,19,7,4,7,5,,0.08,6,Rain,91
2013-5-20,53,51,49,52,50,48,100,95,88,29.89,29.85,29.83,6,4,2,13,7,,0.35,6,Rain,261
2013-5-21,53,52,50,52,50,48,100,92,82,30.01,29.89,29.80,6,6,4,14,6,,0.24,6,Rain,336
2013-5-22,61,54,48,48,44,41,94,71,48,30.07,30.04,30.01,16,7,6,14,10,,0.01,5,Rain,358
2013-5-23,54,48,39,48,39,32,93,71,44,30.04,29.91,29.86,16,7,6,21,9,37,0.04,5,Rain,312
2013-5-24,48,41,34,43,39,34,100,88,71,29.95,29.86,29.80,16,7,3,12,5,,0.20,6,Rain,249
2013-5-25,60,51,42,43,39,34,100,70,41,30.12,29.99,29.83,19,7,5,17,7,26,0.00,5,Rain,358
2013-5-26,61,50,40,43,39,36,93,64,31,30.15,30.08,30.04,16,7,6,14,8,,0.00,6,,321
2013-5-27,65,52,38,43,40,36,93,61,30,30.03,29.89,29.71,16,12,6,8,4,,0.00,1,,190
2013-5-28,59,54,50,52,46,43,94,76,47,29.71,29.59,29.56,19,7,4,14,7,,0.24,5,Rain,196
2013-5-29,61,51,41,46,42,39,93,71,43,29.74,29.66,29.65,19,8,6,10,6,,0.03,5,Rain,259
2013-5-30,60,54,48,54,50,46,100,87,72,29.86,29.76,29.71,9,5,1,12,6,,0.08,6,Rain-Thunderstorm,315
2013-5-31,62,56,51,52,50,48,94,81,62,30.06,29.96,29.86,11,5,2,16,10,,0.04,6,,337
2013-6-1,70,60,50,54,50,46,94,68,41,30.21,30.10,30.04,16,6,2,16,9,23,0.00,4,,333
2013-6-2,64,56,49,50,44,41,87,62,37,30.33,30.28,30.21,19,7,6,16,11,,0.00,4,,18
2013-6-3,63,54,46,46,43,41,87,65,42,30.38,30.32,30.27,19,7,6,17,12,,0.00,5,,24
2013-6-4,66,56,46,46,44,41,87,64,36,30.29,30.18,30.09,17,8,6,14,11,,0.00,2,,25
2013-6-5,76,63,50,54,49,45,88,61,34,30.09,30.03,29.98,19,11,6,10,7,,0.00,1,,45
2013-6-6,81,68,56,59,54,48,82,59,31,30.04,30.01,29.98,16,8,6,15,6,,0.00,3,,55
2013-6-7,81,72,62,55,51,46,73,49,24,30.07,30.04,30.01,19,9,6,15,7,,0.00,1,,69
2013-6-8,78,68,59,63,56,48,94,65,43,30.04,29.95,29.86,19,6,1,16,11,,1.10,6,Rain-Thunderstorm,30
2013-6-9,60,57,54,59,54,52,94,89,75,29.89,29.86,29.83,6,4,2,12,8,,0.16,6,Rain-Thunderstorm,5
2013-6-10,69,60,52,54,51,48,88,74,53,29.98,29.93,29.89,9,6,5,12,6,,0.00,5,,15
2013-6-11,66,60,54,57,55,52,94,78,57,30.06,30.03,29.98,16,6,4,10,4,,0.00,5,Rain,217
2013-6-12,70,65,60,63,59,57,94,82,65,30.09,30.06,30.04,16,7,6,14,9,,0.04,6,Rain,209
2013-6-13,64,60,55,61,56,51,94,84,64,30.18,30.06,30.01,16,6,4,16,8,,0.24,5,Rain,226
2013-6-14,68,58,48,52,50,46,100,73,41,30.21,30.11,29.98,19,8,6,12,4,,0.00,5,Fog,158
2013-6-15,67,60,53,54,49,39,88,66,37,30.04,29.98,29.92,19,7,6,17,8,,0.00,5,,233
2013-6-16,73,62,52,54,49,46,88,62,39,30.04,29.97,29.89,19,10,6,8,5,,0.00,5,,169
2013-6-17,79,69,59,70,59,52,94,75,61,29.92,29.84,29.77,19,7,2,14,7,28,0.28,6,Rain-Thunderstorm,34
2013-6-18,84,74,64,66,62,57,88,66,43,29.95,29.93,29.89,19,8,6,8,4,,0.00,6,Thunderstorm,280
2013-6-19,82,72,62,68,63,61,94,82,55,29.95,29.90,29.86,12,6,1,15,8,,0.71,6,Rain-Thunderstorm,8
2013-6-20,73,66,60,64,61,55,100,83,57,29.95,29.90,29.86,12,6,2,14,5,,0.20,5,Rain-Thunderstorm,248
2013-6-21,67,62,57,57,56,54,94,82,57,30.04,29.96,29.89,16,7,5,14,8,,0.08,5,Rain,221
2013-6-22,63,60,57,59,55,52,94,79,63,30.06,29.99,29.92,16,7,5,20,12,32,0.00,6,Rain,218
2013-6-23,65,60,55,55,51,48,88,74,53,30.12,30.01,29.95,16,7,6,20,13,,0.08,5,Rain,256
2013-6-24,65,59,53,50,46,40,88,67,33,30.30,30.22,30.12,19,7,6,14,10,23,0.00,6,,297
2013-6-25,67,54,42,48,44,40,94,64,27,30.42,30.35,30.30,19,9,6,10,5,21,0.00,5,,331
2013-6-26,66,56,46,48,45,43,87,59,34,30.45,30.42,30.36,19,11,6,9,5,,0.00,2,,360
2013-6-27,69,61,53,52,48,45,88,65,36,30.39,30.30,30.24,19,8,6,9,4,,0.03,5,,324
2013-6-28,63,58,53,57,53,46,94,82,55,30.25,30.19,30.15,16,6,2,10,7,,0.01,6,Rain,280
2013-6-29,70,64,57,59,53,45,94,72,41,30.30,30.19,30.12,19,7,4,14,9,,0.01,6,Rain,304
2013-6-30,77,62,48,55,51,45,94,64,38,30.32,30.25,30.15,19,8,6,8,4,,0.00,3,,254
2013-7-1,75,66,56,61,57,54,94,72,46,30.15,30.08,30.03,19,7,6,8,3,,0.00,4,,281
2013-7-2,77,66,56,61,57,54,94,68,48,30.05,29.94,29.80,16,7,6,10,5,,0.01,5,Rain,203
2013-7-3,70,64,57,61,57,53,94,81,64,30.09,29.89,29.80,12,6,4,16,11,,0.02,6,Rain,267
2013-7-4,70,61,52,61,55,50,94,77,56,30.30,30.20,30.09,17,7,6,9,7,,0.00,6,,264
2013-7-5,78,68,57,59,57,52,100,73,41,30.39,30.35,30.30,16,6,4,12,5,,0.00,4,,343
2013-7-6,81,69,57,63,58,55,94,68,40,30.39,30.33,30.30,16,8,6,12,6,,0.00,2,,35
2013-7-7,83,73,63,63,60,55,88,61,31,30.36,30.34,30.30,16,10,6,18,9,,0.00,1,,29
2013-7-8,83,72,62,61,58,54,77,57,33,30.37,30.32,30.24,19,18,16,17,12,,0.00,,,33
2013-7-9,83,74,65,63,59,55,78,60,36,30.28,30.20,30.12,19,13,6,15,11,28,0.00,1,,36
2013-7-10,80,70,61,63,58,53,82,62,30,30.15,30.10,30.06,19,10,6,18,12,,0.00,1,,22
2013-7-11,71,62,54,57,51,48,88,65,38,30.17,30.14,30.09,17,9,6,17,14,,0.00,4,,35
2013-7-12,75,64,53,55,52,50,88,62,34,30.19,30.16,30.12,19,14,9,22,11,,0.00,,,27
2013-7-13,73,64,55,57,54,52,94,66,39,30.22,30.20,30.18,16,9,4,25,12,,0.00,2,,24
2013-7-14,82,70,57,59,55,53,88,58,28,30.25,30.22,30.18,16,10,6,25,9,,0.00,,,29
2013-7-15,84,72,60,63,59,55,94,60,31,30.22,30.20,30.15,19,12,7,18,5,,0.00,,,27
2013-7-16,83,72,62,60,57,53,82,52,26,30.21,30.18,30.14,19,15,9,20,7,,0.00,,,46
2013-7-17,85,74,64,61,58,55,77,53,28,30.19,30.17,30.12,19,13,9,18,8,,0.00,,,24
2013-7-18,83,74,65,64,59,56,83,59,29,30.18,30.15,30.11,16,8,6,16,10,,0.00,4,,27
2013-7-19,87,77,67,64,60,55,78,57,25,30.15,30.10,30.04,19,15,9,20,12,,0.00,,,39
2013-7-20,86,76,65,63,59,57,73,55,32,30.09,30.06,30.00,19,17,16,16,12,,0.00,,,48
2013-7-21,91,78,64,63,60,57,88,54,25,30.06,30.03,29.97,19,16,12,13,8,,0.00,,,70
2013-7-22,94,82,69,64,61,55,78,50,28,30.04,29.99,29.94,19,9,6,13,4,,0.00,5,,17
2013-7-23,88,78,68,72,63,59,83,61,40,29.98,29.93,29.89,16,7,4,15,5,28,0.03,6,Rain-Thunderstorm,41
2013-7-24,83,74,66,68,62,57,88,68,37,30.01,29.98,29.95,12,7,6,9,4,,0.01,5,Rain-Thunderstorm,20
2013-7-25,84,74,64,66,60,55,94,61,33,30.01,29.98,29.95,,,,12,6,,0.00,,,237
2013-7-26,86,76,66,70,65,61,94,69,48,29.95,29.88,29.83,16,7,5,12,4,28,0.00,5,Rain-Thunderstorm,178
2013-7-27,87,76,65,68,65,61,94,70,43,29.86,29.74,29.62,19,7,1,16,8,31,0.00,5,Rain-Thunderstorm,178
2013-7-28,79,70,61,63,57,53,94,66,31,29.95,29.86,29.74,19,8,5,16,8,33,0.20,5,Rain-Thunderstorm,215
2013-7-29,78,68,59,61,58,54,94,70,42,30.09,30.01,29.92,19,7,6,18,8,,0.24,4,Thunderstorm,235
2013-7-30,75,68,60,63,58,55,88,70,42,30.15,30.11,30.06,19,7,6,17,11,,0.00,6,,230
2013-7-31,81,72,63,63,62,60,94,72,41,30.15,30.10,30.01,16,6,5,13,8,,0.00,4,Rain,204
2013-8-1,94,78,62,68,61,55,94,58,21,30.01,29.90,29.80,,,,12,4,,0.00,,,155
2013-8-2,91,80,69,64,61,57,78,53,26,29.89,29.84,29.80,19,15,6,17,7,,0.00,6,,207
2013-8-3,79,71,63,63,55,50,82,58,29,30.15,30.08,29.95,19,7,6,15,8,,0.00,4,Rain-Thunderstorm,254
2013-8-4,81,69,57,57,51,43,88,54,18,30.18,30.14,30.09,17,8,6,12,4,22,0.00,2,,239
2013-8-5,86,71,56,61,56,48,88,59,31,30.09,29.98,29.89,16,9,6,16,5,,0.01,6,Thunderstorm,230
2013-8-6,76,66,57,57,55,52,88,62,41,30.06,30.00,29.89,19,7,6,12,6,,0.00,4,,253
2013-8-7,70,66,62,63,60,57,94,83,64,29.95,29.85,29.80,19,6,4,10,4,16,0.24,5,Rain,26
2013-8-8,75,66,57,59,54,49,94,67,30,30.18,30.08,29.95,7,6,4,12,7,,0.00,4,,6
2013-8-9,77,66,55,63,56,52,94,69,39,30.21,30.16,30.12,16,8,6,15,6,,0.00,5,,262
2013-8-10,73,62,52,55,51,46,88,63,31,30.23,30.20,30.18,19,8,6,12,7,,0.00,4,,301
2013-8-11,75,62,49,55,51,46,94,65,37,30.22,30.15,30.06,19,8,6,9,4,,0.00,5,,253
2013-8-12,73,66,59,59,54,48,94,67,43,30.09,30.05,30.01,19,8,6,15,5,,0.00,4,,321
2013-8-13,73,61,49,52,47,41,94,60,32,30.24,30.17,30.09,19,10,6,12,7,,0.00,6,,312
2013-8-14,75,61,47,52,47,43,88,59,30,30.27,30.24,30.21,19,9,6,6,4,,0.00,1,,306
2013-8-15,82,67,52,56,52,50,94,61,30,30.23,30.17,30.09,19,11,6,7,2,18,0.00,1,,204
2013-8-16,86,70,54,57,53,48,94,56,24,30.10,30.04,29.98,19,19,19,14,4,22,0.00,,,261
2013-8-17,81,70,58,61,57,54,94,64,38,30.09,30.03,29.95,19,7,6,16,6,,0.00,5,,244
2013-8-18,74,70,66,64,61,57,94,74,52,29.98,29.95,29.92,19,7,4,16,9,,0.00,6,Rain,223
2013-8-19,74,66,58,63,54,43,100,67,29,30.30,30.11,29.95,19,7,6,15,7,,0.01,4,Fog-Rain,310
2013-8-20,77,62,47,54,48,45,100,59,29,30.39,30.34,30.30,19,8,6,9,4,,0.00,1,,327
2013-8-21,79,66,52,52,49,46,77,53,28,30.32,30.24,30.15,19,19,19,9,4,,0.00,,,64
2013-8-22,82,70,59,54,51,48,77,51,25,30.15,30.06,30.00,19,19,19,15,7,,0.00,,,64
2013-8-23,86,72,57,55,53,48,77,51,26,30.01,29.95,29.86,19,17,16,7,5,,0.00,,,88
2013-8-24,72,67,62,59,55,54,83,62,42,29.92,29.89,29.83,19,7,6,16,9,,0.00,6,Rain,280
2013-8-25,58,56,53,57,54,52,100,92,72,29.95,29.90,29.86,9,5,2,13,9,,0.24,6,Rain,209
2013-8-26,73,62,50,61,55,48,100,78,53,30.01,29.97,29.92,14,6,1,15,6,,0.00,4,Fog,13
2013-8-27,72,66,59,61,57,52,88,73,49,30.04,29.98,29.95,16,6,3,18,7,23,0.04,5,Rain-Thunderstorm,7
2013-8-28,75,66,58,59,53,46,88,63,34,30.18,30.11,30.04,16,8,6,18,9,,0.00,5,,2
2013-8-29,76,65,54,57,53,48,94,66,36,30.21,30.18,30.15,12,6,4,8,4,,0.00,2,,341
2013-8-30,78,64,50,55,52,48,94,64,31,30.21,30.17,30.12,19,10,5,10,5,,0.00,3,,312
2013-8-31,75,65,55,61,57,52,94,72,52,30.30,30.22,30.18,19,7,6,14,6,,0.00,6,Rain,306
2013-9-1,69,60,50,54,45,41,76,56,33,30.42,30.38,30.30,16,8,6,14,9,,0.00,4,,14
2013-9-2,75,61,47,55,49,45,94,62,36,30.41,30.36,30.33,19,11,6,9,5,,0.00,2,,305
2013-9-3,79,66,52,57,52,50,94,62,33,30.37,30.31,30.24,19,16,10,9,3,,0.00,,,50
2013-9-4,88,72,57,61,57,54,94,61,29,30.24,30.13,30.01,19,18,16,9,3,20,0.00,,,75
2013-9-5,91,75,59,59,56,50,94,56,23,30.01,29.91,29.80,16,16,16,9,3,,0.00,,,200
2013-9-6,72,66,60,59,57,54,88,72,52,29.92,29.83,29.77,16,7,5,9,5,,0.28,6,Rain-Thunderstorm,303
2013-9-7,69,60,51,55,47,39,88,60,33,30.09,30.03,29.95,19,10,6,10,5,,0.00,4,,238
2013-9-8,71,60,49,50,44,39,87,55,26,30.15,30.09,30.06,19,13,6,12,4,,0.00,6,,258
2013-9-9,62,56,49,59,51,43,94,81,63,30.17,30.07,29.95,16,5,2,14,6,,0.35,7,Rain,221
2013-9-10,65,58,51,55,49,45,100,75,45,30.15,30.09,30.01,19,7,6,14,8,,0.01,4,Rain,304
2013-9-11,62,58,53,52,50,46,88,78,69,30.15,30.12,30.09,19,7,6,14,9,,0.00,6,Rain,304
2013-9-12,62,58,53,56,53,48,100,86,69,30.15,30.12,30.09,19,6,3,9,6,,0.02,6,Rain,264
2013-9-13,65,58,51,64,58,50,100,95,92,30.18,30.14,30.09,6,4,0,10,4,,0.08,6,Fog-Rain,228
2013-9-14,61,58,55,63,57,54,100,95,88,30.09,29.98,29.92,9,5,2,18,8,,0.24,6,Rain,280
2013-9-15,65,58,51,54,50,46,94,73,43,30.01,29.93,29.80,19,7,4,16,11,,0.08,5,Rain,311
2013-9-16,62,55,48,55,49,44,100,81,53,29.83,29.73,29.68,12,6,2,15,11,32,0.16,5,Rain,265
2013-9-17,62,54,45,61,49,43,94,85,63,29.80,29.72,29.53,16,7,5,20,11,33,0.08,6,Rain,244
2013-9-18,66,60,55,61,55,52,94,81,57,29.89,29.66,29.56,16,7,5,20,14,33,0.04,6,Rain,279
2013-9-19,63,54,46,52,48,45,94,75,46,30.01,29.96,29.89,16,7,6,16,8,,0.00,6,,251
2013-9-20,69,62,55,55,52,48,94,73,45,30.21,30.07,29.95,17,7,5,10,7,,0.00,5,Rain,290
2013-9-21,72,60,48,55,51,46,100,76,46,30.36,30.28,30.21,16,8,6,7,2,,0.00,6,Fog,304
2013-9-22,68,62,55,61,57,53,100,82,68,30.39,30.37,30.33,16,7,6,8,3,,0.00,6,,14
2013-9-23,73,66,58,57,56,54,82,71,53,30.36,30.25,30.12,19,7,6,9,5,,0.00,5,,85
2013-9-24,75,63,51,59,54,50,94,76,50,30.12,29.99,29.92,12,7,4,7,4,,0.01,,Fog,83
2013-9-25,77,64,51,59,55,50,100,76,42,29.92,29.88,29.83,16,7,6,8,2,,0.00,,Fog,247
2013-9-26,71,64,58,59,58,55,94,77,54,30.01,29.95,29.89,12,6,4,13,4,,0.01,,,41
2013-9-27,74,65,56,59,56,54,94,76,53,30.00,29.93,29.86,14,4,2,12,7,,0.00,,,49
2013-9-28,72,66,60,62,59,55,94,80,64,29.89,29.73,29.65,11,6,5,18,7,,0.00,5,Rain-Thunderstorm,56
2013-9-29,72,66,59,63,60,57,100,91,73,29.68,29.63,29.59,11,4,1,7,4,,0.83,6,Fog-Rain-Thunderstorm,57
2013-9-30,65,61,57,61,58,55,94,90,78,29.74,29.70,29.65,7,6,2,7,5,,0.00,6,,111
2013-10-1,65,62,59,59,56,54,94,84,69,29.83,29.79,29.74,12,6,2,9,4,,0.00,6,Rain,114
2013-10-2,70,62,55,63,58,52,100,85,68,29.92,29.87,29.83,9,6,4,8,3,,0.01,6,,154
2013-10-3,75,66,57,66,59,54,94,80,68,29.92,29.87,29.83,12,8,6,9,5,,0.01,6,Rain,134
2013-10-4,69,66,62,64,61,59,94,85,69,30.01,29.96,29.86,12,6,6,12,6,,0.12,6,Rain-Thunderstorm,199
2013-10-5,66,62,59,59,56,54,100,82,61,30.24,30.11,29.98,14,6,6,12,6,,0.00,6,,302
2013-10-6,67,60,52,55,53,46,100,79,50,30.33,30.29,30.24,19,6,4,7,4,,0.00,5,,336
2013-10-7,67,60,53,55,52,48,94,75,52,30.33,30.30,30.27,16,7,6,8,3,,0.00,5,,2
2013-10-8,67,59,51,55,52,48,94,76,52,30.31,30.29,30.27,16,7,6,9,4,,0.00,6,,316
2013-10-9,63,58,52,57,55,50,100,85,68,30.30,30.17,29.98,12,6,2,14,5,,0.16,6,Rain,275
2013-10-10,52,47,42,52,44,39,88,77,62,30.01,29.97,29.92,19,7,6,16,10,29,0.03,5,Rain,307
2013-10-11,52,49,46,46,43,41,93,82,68,29.98,29.92,29.86,12,6,4,14,10,,0.01,6,Rain,358
2013-10-12,55,48,41,45,43,39,100,83,57,30.06,29.99,29.92,16,6,3,13,6,,0.00,5,Rain,65
2013-10-13,54,46,39,45,42,37,100,82,59,30.09,30.01,29.95,19,7,2,18,6,,0.00,4,Fog,215
2013-10-14,58,52,45,54,48,43,94,87,71,29.98,29.91,29.83,19,6,2,14,9,,0.24,6,Rain,211
2013-10-15,58,54,49,54,50,48,94,89,70,29.92,29.87,29.83,16,7,6,10,7,,0.02,5,Rain,247
2013-10-16,59,50,41,59,49,41,100,95,87,30.01,29.94,29.83,16,5,1,9,4,,0.24,5,Fog-Rain,231
2013-10-17,66,56,47,55,52,46,100,86,64,30.09,30.07,30.01,16,7,6,15,7,,0.01,5,,232
2013-10-18,59,53,47,54,50,46,100,92,77,30.09,30.00,29.86,19,3,0,12,3,,0.01,4,Fog,119
2013-10-19,68,58,48,59,54,48,100,89,73,29.89,29.83,29.80,19,6,1,14,4,,0.01,6,Fog-Rain,192
2013-10-20,65,60,55,59,56,52,100,90,68,29.98,29.91,29.86,19,7,3,14,6,32,0.16,6,Rain-Thunderstorm,197
2013-10-21,68,61,54,59,56,54,94,86,62,29.98,29.92,29.83,19,8,2,9,6,,0.12,5,Rain,179
2013-10-22,73,65,57,59,57,55,94,82,50,29.83,29.66,29.56,16,8,6,14,6,30,0.04,6,Rain,179
2013-10-23,67,62,57,57,55,54,94,75,56,29.92,29.71,29.59,19,8,6,18,9,32,0.00,3,,209
2013-10-24,63,58,52,55,54,52,100,89,68,30.04,29.98,29.86,19,6,1,12,6,,0.00,5,,159
2013-10-25,66,61,56,61,57,53,100,89,74,29.89,29.84,29.77,16,6,4,10,6,,0.16,6,Rain,178
2013-10-26,68,64,59,63,60,55,100,89,73,29.95,29.90,29.86,16,7,6,16,6,,0.03,5,Rain,206
2013-10-27,62,58,55,55,52,48,94,79,56,29.86,29.80,29.71,19,7,4,24,16,44,0.12,5,Rain,222
2013-10-28,63,56,50,55,50,45,94,75,50,29.86,29.67,29.50,19,7,4,28,18,43,0.12,5,Rain,223
2013-10-29,58,51,44,46,43,39,93,77,50,30.15,29.99,29.86,19,8,6,16,10,,0.00,2,,238
2013-10-30,58,48,38,45,41,37,100,81,54,30.30,30.25,30.15,19,10,6,8,5,,0.00,2,,229
2013-10-31,57,48,38,45,42,37,100,79,53,30.32,30.23,30.15,19,7,5,13,5,,0.00,6,Fog,197
2013-11-1,50,49,48,48,46,43,100,91,71,30.15,29.98,29.68,6,5,2,15,9,,0.12,6,Rain,195
2013-11-2,61,54,48,57,52,46,100,86,68,29.75,29.67,29.56,19,6,3,16,12,,0.16,6,Rain,227
2013-11-3,54,50,46,48,42,39,94,75,54,29.86,29.76,29.56,19,7,6,18,12,28,0.24,4,Rain,232
2013-11-4,56,48,39,54,46,36,94,85,65,29.59,29.37,29.21,16,6,2,22,16,39,0.20,5,Rain,253
2013-11-5,55,46,36,50,43,34,100,89,73,29.65,29.54,29.42,16,6,2,20,7,29,0.20,7,Rain,231
2013-11-6,61,56,50,55,52,46,100,86,68,29.83,29.74,29.65,19,6,1,16,11,29,0.00,6,Rain,232
2013-11-7,63,58,53,57,54,52,94,86,71,29.86,29.83,29.77,19,6,2,17,12,24,0.00,6,Rain,222
2013-11-8,56,52,46,54,50,43,100,90,72,29.86,29.79,29.68,12,6,2,17,7,30,0.08,6,Rain,210
2013-11-9,50,46,41,46,43,39,93,87,71,29.99,29.87,29.77,19,7,4,16,11,29,0.20,4,Rain,217
2013-11-10,50,42,35,46,39,32,100,79,50,30.30,29.92,29.47,19,6,2,18,9,,0.02,5,Rain,323
2013-11-11,50,40,31,39,36,30,100,80,54,30.42,30.37,30.33,19,6,0,12,5,,0.00,6,Fog,195
2013-11-12,50,47,44,50,44,37,100,87,66,30.39,30.29,30.24,16,4,1,16,6,23,0.02,7,Rain,184
2013-11-13,50,42,35,47,40,34,93,82,55,30.53,30.45,30.39,16,7,6,14,10,,0.02,3,Rain,23
2013-11-14,49,41,33,45,38,32,100,88,68,30.40,30.24,30.15,19,6,0,20,6,38,0.16,5,Fog-Rain,289
2013-11-15,49,46,42,41,39,37,87,77,62,30.39,30.29,30.24,19,8,6,20,12,,0.00,4,,9
2013-11-16,39,36,34,37,35,33,100,88,74,30.48,30.41,30.33,6,3,1,12,9,,0.00,6,,37
2013-11-17,42,40,37,37,36,35,87,84,74,30.35,30.20,30.04,5,4,2,8,5,,0.00,7,,52
2013-11-18,42,38,33,40,37,32,93,87,75,30.04,29.89,29.83,7,5,4,7,2,,0.00,7,Rain,266
2013-11-19,47,40,32,42,35,30,100,78,53,29.96,29.84,29.77,19,7,4,16,6,,0.00,5,Rain,326
2013-11-20,43,38,33,37,33,29,100,81,52,29.97,29.77,29.42,19,7,4,17,10,30,0.12,5,Rain,272
2013-11-21,39,37,35,36,34,32,95,89,72,29.71,29.50,29.36,12,6,4,14,7,,0.02,6,Rain,4
2013-11-22,41,38,35,36,33,30,87,80,66,29.94,29.83,29.71,12,6,4,15,10,28,0.00,6,,14
2013-11-23,43,42,40,37,36,35,87,79,67,30.15,30.05,29.95,12,7,6,13,10,25,0.00,7,,21
2013-11-24,46,41,36,41,36,32,87,78,62,30.40,30.25,30.15,19,7,6,12,8,21,0.00,5,Rain,14
2013-11-25,44,42,40,37,36,34,81,75,59,30.54,30.48,30.39,19,8,6,10,8,,0.00,7,Rain,15
2013-11-26,44,41,38,39,37,35,93,82,66,30.63,30.57,30.54,12,7,6,8,6,,0.00,5,,21
2013-11-27,45,41,35,39,36,30,93,82,63,30.57,30.53,30.51,12,7,5,5,3,,0.00,6,,38
2013-11-28,44,37,30,43,34,27,93,83,57,30.60,30.54,30.51,12,4,2,4,0,,0.00,7,Rain,345
2013-11-29,50,46,42,45,43,41,100,90,71,30.51,30.35,30.15,7,4,1,10,3,,0.00,7,Rain,281
2013-11-30,48,44,40,43,39,36,93,80,69,30.39,30.22,30.09,19,7,6,10,5,,0.00,5,Rain,350
2013-12-1,45,42,38,41,39,37,100,87,73,30.47,30.42,30.36,14,6,4,9,4,,0.00,6,,31
2013-12-2,47,42,37,40,36,34,93,78,55,30.46,30.41,30.36,12,7,6,15,7,,0.00,5,,43
2013-12-3,46,37,28,36,32,28,100,87,61,30.43,30.38,30.36,12,5,4,5,0,,0.00,,Fog,284
2013-12-4,46,38,29,41,36,28,100,85,62,30.48,30.41,30.36,9,6,1,7,2,,0.01,7,,253
2013-12-5,47,44,41,43,39,32,100,80,52,30.48,30.36,30.24,16,6,1,18,7,,0.01,6,,290
2013-12-6,46,40,33,43,34,28,87,69,41,30.46,30.37,30.27,19,8,5,15,9,,0.00,3,Rain,298
2013-12-7,47,40,34,41,37,33,93,80,68,30.47,30.41,30.36,19,8,6,12,6,,0.01,6,Rain,242
2013-12-8,51,43,33,39,37,31,93,78,53,30.46,30.40,30.36,16,9,6,6,4,,0.00,4,,206
2013-12-9,45,36,26,36,31,27,100,88,59,30.51,30.46,30.45,10,5,2,5,2,,0.00,,Fog,145
2013-12-10,46,34,23,36,29,23,100,87,52,30.55,30.51,30.48,11,3,0,5,1,,0.00,4,Fog,107
2013-12-11,42,32,22,32,27,20,100,87,56,30.53,30.46,30.42,9,5,2,6,1,,0.00,,Fog,98
2013-12-12,40,32,23,34,28,20,100,90,70,30.45,30.38,30.33,6,3,1,6,1,,0.00,1,Fog,173
2013-12-13,41,34,26,41,32,25,100,94,75,30.36,30.26,30.21,5,2,0,9,3,,0.04,7,Fog-Rain,186
2013-12-14,50,44,37,43,40,36,100,91,71,30.48,30.40,30.24,11,5,1,14,7,,0.04,6,Rain,224
2013-12-15,50,44,39,39,36,34,93,76,52,30.44,30.38,30.33,19,13,6,14,9,,0.00,7,,194
2013-12-16,51,43,35,40,35,30,87,72,54,30.36,30.28,30.24,19,16,12,12,7,,0.00,,,189
2013-12-17,51,43,35,41,35,30,87,70,49,30.30,30.23,30.15,12,10,6,8,5,,0.00,7,,187
2013-12-18,50,48,45,45,43,41,93,82,71,30.18,30.04,29.68,12,8,6,15,9,,0.04,6,Rain,202
2013-12-19,49,43,37,47,42,36,93,85,65,29.95,29.76,29.62,19,8,2,20,13,34,0.20,5,Rain,214
2013-12-20,48,42,35,39,37,34,93,84,61,30.49,30.28,29.95,19,11,6,9,5,,0.00,5,,222
2013-12-21,44,40,37,36,33,28,87,72,43,30.48,30.32,30.15,19,13,5,15,10,,0.01,7,Rain,198
2013-12-22,50,45,40,48,44,37,94,88,80,30.18,30.10,30.04,18,8,2,18,15,31,0.28,6,Rain,216
2013-12-23,53,48,42,46,43,39,93,79,56,30.16,29.92,29.56,19,10,6,21,11,33,0.00,6,,202
2013-12-24,52,50,48,49,45,39,100,82,49,29.58,29.31,29.12,19,8,4,28,20,48,0.28,7,Rain,198
2013-12-25,48,45,42,48,42,39,94,86,72,29.27,29.23,29.12,19,8,4,18,11,32,0.24,5,Rain,194
2013-12-26,48,42,37,39,38,36,96,84,55,29.74,29.50,29.24,19,10,6,13,7,,0.00,4,,239
2013-12-27,56,47,38,52,45,36,94,86,72,29.71,29.51,29.42,16,8,2,22,14,37,0.02,7,Rain,202
2013-12-28,48,44,41,50,42,33,100,85,53,29.82,29.58,29.42,19,10,4,20,11,31,0.12,6,Rain,236
2013-12-29,48,42,37,39,37,36,100,83,56,30.30,30.07,29.83,19,10,6,14,9,,0.00,3,,232
2013-12-30,43,38,34,40,37,34,100,88,73,30.32,30.18,30.09,19,8,3,13,8,,0.04,5,Rain,186
2013-12-31,48,44,41,43,37,33,93,74,46,30.11,29.91,29.77,19,9,5,14,8,,0.08,6,Rain,186
